time p q r
   0.0000000e+00   0.0000000e+00   0.0000000e+00   0.0000000e+00
   2.5000000e-01   4.2538900e-04   2.2735147e-04   2.7282176e-04
   5.0000000e-01   1.6731410e-03   8.8986856e-04   1.0678423e-03
   7.5000000e-01   3.7006336e-03   1.9582454e-03   2.3498944e-03
   1.0000000e+00   6.4652442e-03   3.4031759e-03   4.0838111e-03
   1.2500000e+00   9.9243505e-03   5.1953542e-03   6.2344251e-03
   1.5000000e+00   1.4035330e-02   7.3054744e-03   8.7665693e-03
   1.7500000e+00   1.8755560e-02   9.7042305e-03   1.1645077e-02
   2.0000000e+00   2.4042418e-02   1.2362317e-02   1.4834780e-02
   2.0836975e+00   2.5931600e-02   1.3305065e-02   1.5966079e-02
   2.1673951e+00   2.7877916e-02   1.4272497e-02   1.7126996e-02
   2.2510926e+00   2.9879766e-02   1.5263511e-02   1.8316213e-02
   2.3347901e+00   3.1935550e-02   1.6277008e-02   1.9532409e-02
   2.4184877e+00   3.4043670e-02   1.7311888e-02   2.0774266e-02
   2.5021852e+00   3.6202525e-02   1.8367052e-02   2.2040463e-02
   2.5858828e+00   3.8410517e-02   1.9441400e-02   2.3329680e-02
   2.6695803e+00   4.0666047e-02   2.0533832e-02   2.4640599e-02
   2.7173058e+00   4.1972848e-02   2.1164426e-02   2.5397311e-02
   2.7650312e+00   4.3294289e-02   2.1800339e-02   2.6160406e-02
   2.8127567e+00   4.4630074e-02   2.2441366e-02   2.6929639e-02
   2.8604822e+00   4.5979905e-02   2.3087303e-02   2.7704764e-02
   2.8937307e+00   4.6928425e-02   2.3540097e-02   2.8248117e-02
   2.9269792e+00   4.7883518e-02   2.3995107e-02   2.8794128e-02
   2.9602277e+00   4.8845084e-02   2.4452263e-02   2.9342715e-02
   2.9934762e+00   4.9813023e-02   2.4911497e-02   2.9893796e-02
   3.0267248e+00   5.0878951e-02   2.5396656e-02   3.0475987e-02
   3.0599733e+00   5.2227564e-02   2.5956034e-02   3.1147241e-02
   3.0932218e+00   5.3860666e-02   2.6590379e-02   3.1908455e-02
   3.1264703e+00   5.5774574e-02   2.7299009e-02   3.2758810e-02
   3.1875178e+00   6.0007556e-02   2.8791264e-02   3.4549517e-02
   3.2485653e+00   6.5151981e-02   3.0527432e-02   3.6632919e-02
   3.3096129e+00   7.1185047e-02   3.2503291e-02   3.9003949e-02
   3.3706604e+00   7.8083948e-02   3.4714620e-02   4.1657544e-02
   3.6097708e+00   1.1300960e-01   4.5563110e-02   5.4675732e-02
   3.8488811e+00   1.5949821e-01   5.9705600e-02   7.1646719e-02
   4.0879915e+00   2.1617955e-01   7.6888446e-02   9.2266135e-02
   4.3271019e+00   2.8168342e-01   9.6858006e-02   1.1622961e-01
   4.5252078e+00   3.4165844e-01   1.1533275e-01   1.3839930e-01
   4.7233138e+00   4.0596969e-01   1.3540203e-01   1.6248244e-01
   4.9214197e+00   4.7383791e-01   1.5692159e-01   1.8830591e-01
   5.1195257e+00   5.4448383e-01   1.7974718e-01   2.1569662e-01
   5.3093816e+00   6.1407321e-01   2.0271430e-01   2.4325716e-01
   5.4992375e+00   6.8481211e-01   2.2662148e-01   2.7194578e-01
   5.6890934e+00   7.5601465e-01   2.5134175e-01   3.0161010e-01
   5.8789493e+00   8.2699489e-01   2.7674814e-01   3.3209776e-01
   6.0655387e+00   8.9587285e-01   3.0226292e-01   3.6271550e-01
   6.2521281e+00   9.6322248e-01   3.2819724e-01   3.9383669e-01
   6.4387176e+00   1.0283927e+00   3.5443059e-01   4.2531671e-01
   6.6253070e+00   1.0907323e+00   3.8084243e-01   4.5701091e-01
   6.8103414e+00   1.1491160e+00   4.0709173e-01   4.8851007e-01
   6.9953758e+00   1.2034408e+00   4.3328049e-01   5.1993659e-01
   7.1804103e+00   1.2530718e+00   4.5929117e-01   5.5114941e-01
   7.3654447e+00   1.2973740e+00   4.8500624e-01   5.8200749e-01
   7.4150474e+00   1.3082629e+00   4.9183440e-01   5.9020128e-01
   7.4646501e+00   1.3187109e+00   4.9863060e-01   5.9835672e-01
   7.5142528e+00   1.3287060e+00   5.0539258e-01   6.0647110e-01
   7.5638555e+00   1.3382358e+00   5.1211808e-01   6.1454170e-01
   7.6134581e+00   1.3472881e+00   5.1880483e-01   6.2256580e-01
   7.6630608e+00   1.3558506e+00   5.2545057e-01   6.3054068e-01
   7.7126635e+00   1.3639112e+00   5.3205303e-01   6.3846363e-01
   7.7622662e+00   1.3714576e+00   5.3860995e-01   6.4633194e-01
   7.8224280e+00   1.3799027e+00   5.4649830e-01   6.5579795e-01
   7.8825898e+00   1.3875517e+00   5.5431228e-01   6.6517473e-01
   7.9427516e+00   1.3943826e+00   5.6204785e-01   6.7445742e-01
   8.0029133e+00   1.4003745e+00   5.6970098e-01   6.8364118e-01
   8.0630751e+00   1.4059680e+00   5.7726763e-01   6.9272116e-01
   8.1232369e+00   1.4115394e+00   5.8474375e-01   7.0169250e-01
   8.1833987e+00   1.4170889e+00   5.9212531e-01   7.1055037e-01
   8.2435605e+00   1.4226162e+00   5.9940826e-01   7.1928991e-01
   8.4781372e+00   1.4439553e+00   6.2678752e-01   7.5214503e-01
   8.7127139e+00   1.4649538e+00   6.5236679e-01   7.8284014e-01
   8.9472906e+00   1.4856078e+00   6.7590656e-01   8.1108787e-01
   9.1818673e+00   1.5059138e+00   6.9716735e-01   8.3660082e-01
   9.2533204e+00   1.5120293e+00   7.0315411e-01   8.4378493e-01
   9.3247735e+00   1.5181122e+00   7.0890042e-01   8.5068051e-01
   9.3962266e+00   1.5241621e+00   7.1439953e-01   8.5727943e-01
   9.4676797e+00   1.5301792e+00   7.1964466e-01   8.6357359e-01
   9.5391328e+00   1.5361631e+00   7.2462904e-01   8.6955484e-01
   9.6105859e+00   1.5421140e+00   7.2934590e-01   8.7521508e-01
   9.6820390e+00   1.5480315e+00   7.3378848e-01   8.8054618e-01
   9.7534921e+00   1.5539157e+00   7.3795001e-01   8.8554001e-01
   9.7958110e+00   1.5573849e+00   7.4027945e-01   8.8833533e-01
   9.8381300e+00   1.5608424e+00   7.4250651e-01   8.9100782e-01
   9.8804489e+00   1.5642880e+00   7.4462981e-01   8.9355577e-01
   9.9227679e+00   1.5677219e+00   7.4664793e-01   8.9597752e-01
   9.9650868e+00   1.5711439e+00   7.4855946e-01   8.9827136e-01
   1.0007406e+01   1.5745541e+00   7.5036463e-01   9.0043756e-01
   1.0049725e+01   1.5779525e+00   7.5213075e-01   9.0255690e-01
   1.0092044e+01   1.5813389e+00   7.5389377e-01   9.0467252e-01
   1.0131019e+01   1.5844473e+00   7.5551472e-01   9.0661766e-01
   1.0169995e+01   1.5875455e+00   7.5713297e-01   9.0855957e-01
   1.0208971e+01   1.5906336e+00   7.5874850e-01   9.1049820e-01
   1.0247947e+01   1.5937116e+00   7.6036127e-01   9.1243353e-01
   1.0442826e+01   1.6089484e+00   7.6838274e-01   9.2205928e-01
   1.0637705e+01   1.6239289e+00   7.7633089e-01   9.3159707e-01
   1.0832584e+01   1.6386508e+00   7.8420208e-01   9.4104249e-01
   1.1027463e+01   1.6531121e+00   7.9199265e-01   9.5039118e-01
   1.1446011e+01   1.6832802e+00   8.0843513e-01   9.7012216e-01
   1.1864558e+01   1.7122156e+00   8.2445275e-01   9.8934330e-01
   1.2283105e+01   1.7398972e+00   8.4000934e-01   1.0080112e+00
   1.2701653e+01   1.7663044e+00   8.5506874e-01   1.0260825e+00
   1.3104729e+01   1.7905112e+00   8.6906777e-01   1.0428813e+00
   1.3507805e+01   1.8134979e+00   8.8253983e-01   1.0590478e+00
   1.3910882e+01   1.8352459e+00   8.9545263e-01   1.0745432e+00
   1.4313958e+01   1.8557365e+00   9.0777387e-01   1.0893286e+00
   1.4694837e+01   1.8739265e+00   9.1884384e-01   1.1026126e+00
   1.5075716e+01   1.8909614e+00   9.2932952e-01   1.1151954e+00
   1.5456595e+01   1.9068255e+00   9.3920364e-01   1.1270444e+00
   1.5837474e+01   1.9215030e+00   9.4843895e-01   1.1381267e+00
   1.6203591e+01   1.9344786e+00   9.5668881e-01   1.1480266e+00
   1.6569708e+01   1.9463293e+00   9.6429903e-01   1.1571588e+00
   1.6935826e+01   1.9570411e+00   9.7124541e-01   1.1654945e+00
   1.7301943e+01   1.9666002e+00   9.7750373e-01   1.1730045e+00
   1.7658352e+01   1.9747851e+00   9.8291213e-01   1.1794946e+00
   1.8014762e+01   1.9818514e+00   9.8762321e-01   1.1851479e+00
   1.8371171e+01   1.9877861e+00   9.9161464e-01   1.1899376e+00
   1.8727581e+01   1.9925765e+00   9.9486408e-01   1.1938369e+00
   1.8864179e+01   1.9941064e+00   9.9590809e-01   1.1950897e+00
   1.9000777e+01   1.9954655e+00   9.9683856e-01   1.1962063e+00
   1.9137375e+01   1.9966533e+00   9.9765425e-01   1.1971851e+00
   1.9273973e+01   1.9976688e+00   9.9835390e-01   1.1980247e+00
   1.9410570e+01   1.9985115e+00   9.9893625e-01   1.1987235e+00
   1.9547168e+01   1.9991805e+00   9.9940004e-01   1.1992800e+00
   1.9683766e+01   1.9996752e+00   9.9974402e-01   1.1996928e+00
   1.9820364e+01   1.9999948e+00   9.9996693e-01   1.1999603e+00
   1.9918417e+01   2.0001158e+00   1.0000516e+00   1.2000619e+00
   2.0016470e+01   2.0001473e+00   1.0000737e+00   1.2000884e+00
   2.0114523e+01   2.0001473e+00   1.0000737e+00   1.2000884e+00
   2.0212575e+01   2.0001473e+00   1.0000737e+00   1.2000884e+00
   2.0310628e+01   2.0001473e+00   1.0000737e+00   1.2000884e+00
   2.0408681e+01   2.0001473e+00   1.0000737e+00   1.2000884e+00
   2.0506734e+01   2.0001473e+00   1.0000737e+00   1.2000884e+00
   2.0604787e+01   2.0001473e+00   1.0000737e+00   1.2000884e+00
   2.1032248e+01   2.0001473e+00   1.0000737e+00   1.2000884e+00
   2.1459709e+01   2.0001473e+00   1.0000737e+00   1.2000884e+00
   2.1887171e+01   2.0001473e+00   1.0000737e+00   1.2000884e+00
   2.2314632e+01   2.0001473e+00   1.0000737e+00   1.2000884e+00
   2.2741468e+01   2.0001473e+00   1.0000737e+00   1.2000884e+00
   2.3168304e+01   2.0001473e+00   1.0000737e+00   1.2000884e+00
   2.3595140e+01   2.0001473e+00   1.0000737e+00   1.2000884e+00
   2.4021976e+01   2.0001473e+00   1.0000737e+00   1.2000884e+00
   2.4124290e+01   2.0001473e+00   1.0000737e+00   1.2000884e+00
   2.4226604e+01   2.0001473e+00   1.0000737e+00   1.2000884e+00
   2.4328918e+01   2.0001473e+00   1.0000737e+00   1.2000884e+00
   2.4431233e+01   2.0001473e+00   1.0000737e+00   1.2000884e+00
   2.4533547e+01   2.0001473e+00   1.0000737e+00   1.2000884e+00
   2.4635861e+01   2.0001473e+00   1.0000737e+00   1.2000884e+00
   2.4738175e+01   2.0001473e+00   1.0000737e+00   1.2000884e+00
   2.4840489e+01   2.0001473e+00   1.0000737e+00   1.2000884e+00
   2.4880119e+01   2.0001473e+00   1.0000737e+00   1.2000884e+00
   2.4919748e+01   2.0001473e+00   1.0000737e+00   1.2000884e+00
   2.4959378e+01   2.0001473e+00   1.0000737e+00   1.2000884e+00
   2.4999008e+01   2.0001473e+00   1.0000737e+00   1.2000884e+00
   2.5038637e+01   2.0000761e+00   1.0000737e+00   1.2000884e+00
   2.5078267e+01   1.9998557e+00   1.0000737e+00   1.2000884e+00
   2.5117897e+01   1.9994871e+00   1.0000737e+00   1.2000884e+00
   2.5157526e+01   1.9989713e+00   1.0000737e+00   1.2000884e+00
   2.5342804e+01   1.9946387e+00   1.0000737e+00   1.2000884e+00
   2.5528082e+01   1.9872189e+00   1.0000737e+00   1.2000884e+00
   2.5713360e+01   1.9768179e+00   1.0000737e+00   1.2000884e+00
   2.5898637e+01   1.9635420e+00   1.0000737e+00   1.2000884e+00
   2.6106765e+01   1.9453321e+00   1.0000737e+00   1.2000884e+00
   2.6314893e+01   1.9237790e+00   1.0000737e+00   1.2000884e+00
   2.6523021e+01   1.8990332e+00   1.0000737e+00   1.2000884e+00
   2.6731149e+01   1.8712452e+00   1.0000737e+00   1.2000884e+00
   2.6938476e+01   1.8406891e+00   1.0000737e+00   1.2000884e+00
   2.7145803e+01   1.8074124e+00   1.0000737e+00   1.2000884e+00
   2.7353129e+01   1.7715638e+00   1.0000737e+00   1.2000884e+00
   2.7560456e+01   1.7332923e+00   1.0000737e+00   1.2000884e+00
   2.7767000e+01   1.6929039e+00   1.0000737e+00   1.2000884e+00
   2.7973543e+01   1.6504055e+00   1.0000737e+00   1.2000884e+00
   2.8180087e+01   1.6059443e+00   1.0000737e+00   1.2000884e+00
   2.8386630e+01   1.5596674e+00   1.0000737e+00   1.2000884e+00
   2.8592530e+01   1.5118738e+00   1.0000737e+00   1.2000884e+00
   2.8798430e+01   1.4625677e+00   1.0000737e+00   1.2000884e+00
   2.9004330e+01   1.4118950e+00   1.0000737e+00   1.2000884e+00
   2.9210229e+01   1.3600013e+00   1.0000737e+00   1.2000884e+00
   2.9415630e+01   1.3071621e+00   1.0000737e+00   1.2000884e+00
   2.9621031e+01   1.2533975e+00   1.0000737e+00   1.2000884e+00
   2.9826431e+01   1.1988523e+00   1.0000737e+00   1.2000884e+00
   3.0031832e+01   1.1436712e+00   1.0000737e+00   1.2000884e+00
   3.0236888e+01   1.0880926e+00   1.0000737e+00   1.2000884e+00
   3.0441944e+01   1.0321684e+00   1.0000737e+00   1.2000884e+00
   3.0647001e+01   9.7604255e-01   1.0000737e+00   1.2000884e+00
   3.0852057e+01   9.1985899e-01   1.0000737e+00   1.2000884e+00
   3.1056933e+01   8.6381083e-01   1.0000737e+00   1.2000884e+00
   3.1261809e+01   8.0799238e-01   1.0000737e+00   1.2000884e+00
   3.1466686e+01   7.5254722e-01   1.0000737e+00   1.2000884e+00
   3.1671562e+01   6.9761895e-01   1.0000737e+00   1.2000884e+00
   3.1876430e+01   6.4335343e-01   1.0000737e+00   1.2000884e+00
   3.2081297e+01   5.8989189e-01   1.0000737e+00   1.2000884e+00
   3.2286165e+01   5.3737790e-01   1.0000737e+00   1.2000884e+00
   3.2491032e+01   4.8595502e-01   1.0000737e+00   1.2000884e+00
   3.2696064e+01   4.3572720e-01   1.0000737e+00   1.2000884e+00
   3.2901096e+01   3.8687995e-01   1.0000737e+00   1.2000884e+00
   3.3106127e+01   3.3955718e-01   1.0000737e+00   1.2000884e+00
   3.3311159e+01   2.9390280e-01   1.0000737e+00   1.2000884e+00
   3.3516523e+01   2.4999106e-01   1.0000737e+00   1.2000884e+00
   3.3721888e+01   2.0804213e-01   1.0000737e+00   1.2000884e+00
   3.3927253e+01   1.6820063e-01   1.0000737e+00   1.2000884e+00
   3.4132617e+01   1.3061118e-01   1.0000737e+00   1.2000884e+00
   3.4338477e+01   9.5336513e-02   1.0000737e+00   1.2000884e+00
   3.4544337e+01   6.2615746e-02   1.0000737e+00   1.2000884e+00
   3.4750197e+01   3.2594540e-02   1.0000737e+00   1.2000884e+00
   3.4956057e+01   5.4185594e-03   1.0000737e+00   1.2000884e+00
   3.5114894e+01  -1.3986240e-02   1.0000737e+00   1.2000884e+00
   3.5273731e+01  -3.3314606e-02   1.0000737e+00   1.2000884e+00
   3.5432569e+01  -5.2633414e-02   1.0000737e+00   1.2000884e+00
   3.5591406e+01  -7.1941192e-02   1.0000737e+00   1.2000884e+00
   3.5750243e+01  -9.1236469e-02   1.0000737e+00   1.2000884e+00
   3.5909080e+01  -1.1051777e-01   1.0000737e+00   1.2000884e+00
   3.6067917e+01  -1.2978363e-01   1.0000737e+00   1.2000884e+00
   3.6226754e+01  -1.4903257e-01   1.0000737e+00   1.2000884e+00
   3.6585868e+01  -1.9248235e-01   1.0000737e+00   1.2000884e+00
   3.6944983e+01  -2.3582111e-01   1.0000737e+00   1.2000884e+00
   3.7304097e+01  -2.7903185e-01   1.0000737e+00   1.2000884e+00
   3.7663211e+01  -3.2209755e-01   1.0000737e+00   1.2000884e+00
   3.8022784e+01  -3.6505594e-01   1.0000737e+00   1.2000884e+00
   3.8382358e+01  -4.0783480e-01   1.0000737e+00   1.2000884e+00
   3.8741931e+01  -4.5041703e-01   1.0000737e+00   1.2000884e+00
   3.9101504e+01  -4.9278557e-01   1.0000737e+00   1.2000884e+00
   3.9462037e+01  -5.3503545e-01   1.0000737e+00   1.2000884e+00
   3.9822570e+01  -5.7703610e-01   1.0000737e+00   1.2000884e+00
   4.0183103e+01  -6.1877032e-01   1.0000737e+00   1.2000884e+00
   4.0543636e+01  -6.6022089e-01   1.0000737e+00   1.2000884e+00
   4.0905399e+01  -7.0151049e-01   1.0000737e+00   1.2000884e+00
   4.1267162e+01  -7.4247979e-01   1.0000737e+00   1.2000884e+00
   4.1628925e+01  -7.8311137e-01   1.0000737e+00   1.2000884e+00
   4.1990689e+01  -8.2338787e-01   1.0000737e+00   1.2000884e+00
   4.2353974e+01  -8.6345891e-01   1.0000737e+00   1.2000884e+00
   4.2717259e+01  -9.0313671e-01   1.0000737e+00   1.2000884e+00
   4.3080544e+01  -9.4240366e-01   1.0000737e+00   1.2000884e+00
   4.3443829e+01  -9.8124215e-01   1.0000737e+00   1.2000884e+00
   4.3808965e+01  -1.0198291e+00   1.0000737e+00   1.2000884e+00
   4.4174102e+01  -1.0579475e+00   1.0000737e+00   1.2000884e+00
   4.4539238e+01  -1.0955795e+00   1.0000737e+00   1.2000884e+00
   4.4904375e+01  -1.1327072e+00   1.0000737e+00   1.2000884e+00
   4.5271749e+01  -1.1695355e+00   1.0000737e+00   1.2000884e+00
   4.5639124e+01  -1.2058170e+00   1.0000737e+00   1.2000884e+00
   4.6006498e+01  -1.2415335e+00   1.0000737e+00   1.2000884e+00
   4.6373873e+01  -1.2766667e+00   1.0000737e+00   1.2000884e+00
   4.6743943e+01  -1.3114497e+00   1.0000737e+00   1.2000884e+00
   4.7114014e+01  -1.3456037e+00   1.0000737e+00   1.2000884e+00
   4.7484084e+01  -1.3791102e+00   1.0000737e+00   1.2000884e+00
   4.7854154e+01  -1.4119506e+00   1.0000737e+00   1.2000884e+00
   4.7897253e+01  -1.4157310e+00   1.0000737e+00   1.2000884e+00
   4.7940351e+01  -1.4195021e+00   1.0000737e+00   1.2000884e+00
   4.7983449e+01  -1.4232638e+00   1.0000737e+00   1.2000884e+00
   4.8026547e+01  -1.4270162e+00   1.0000531e+00   1.2000884e+00
   4.8069645e+01  -1.4307592e+00   9.9993273e-01   1.2000884e+00
   4.8112743e+01  -1.4344927e+00   9.9970522e-01   1.2000884e+00
   4.8155841e+01  -1.4382168e+00   9.9937139e-01   1.2000884e+00
   4.8198939e+01  -1.4419313e+00   9.9893201e-01   1.2000884e+00
   4.8414430e+01  -1.4603608e+00   9.9517919e-01   1.2000884e+00
   4.8629921e+01  -1.4785484e+00   9.8890451e-01   1.2000884e+00
   4.8845411e+01  -1.4964907e+00   9.8020526e-01   1.2000884e+00
   4.9060902e+01  -1.5141839e+00   9.6917873e-01   1.2000884e+00
   4.9141888e+01  -1.5207682e+00   9.6445298e-01   1.2000884e+00
   4.9222874e+01  -1.5273166e+00   9.5941743e-01   1.2000884e+00
   4.9303859e+01  -1.5338289e+00   9.5407725e-01   1.2000884e+00
   4.9384845e+01  -1.5403050e+00   9.4843759e-01   1.2000884e+00
   4.9465831e+01  -1.5467445e+00   9.4250363e-01   1.2000884e+00
   4.9546817e+01  -1.5531474e+00   9.3628052e-01   1.2000884e+00
   4.9627803e+01  -1.5595134e+00   9.2977344e-01   1.2000884e+00
   4.9708788e+01  -1.5658424e+00   9.2298754e-01   1.2000884e+00
   4.9757597e+01  -1.5696387e+00   9.1876527e-01   1.2000884e+00
   4.9806406e+01  -1.5734215e+00   9.1444474e-01   1.2000884e+00
   4.9855216e+01  -1.5771907e+00   9.1002707e-01   1.2000884e+00
   4.9904025e+01  -1.5809463e+00   9.0551340e-01   1.2000884e+00
   4.9952834e+01  -1.5846881e+00   9.0090485e-01   1.2000884e+00
   5.0001643e+01  -1.5884161e+00   8.9620255e-01   1.2000883e+00
   5.0050452e+01  -1.5921304e+00   8.9140764e-01   1.1999971e+00
   5.0099261e+01  -1.5958309e+00   8.8652124e-01   1.1997360e+00
   5.0144828e+01  -1.5992730e+00   8.8187778e-01   1.1993405e+00
   5.0190396e+01  -1.6027031e+00   8.7715649e-01   1.1987998e+00
   5.0235964e+01  -1.6061210e+00   8.7235828e-01   1.1981153e+00
   5.0281531e+01  -1.6095267e+00   8.6748409e-01   1.1972884e+00
   5.0509369e+01  -1.6263709e+00   8.4200544e-01   1.1910645e+00
   5.0737207e+01  -1.6429049e+00   8.1476500e-01   1.1814835e+00
   5.0965046e+01  -1.6591244e+00   7.8587776e-01   1.1687158e+00
   5.1192884e+01  -1.6750250e+00   7.5545873e-01   1.1529318e+00
   5.1441932e+01  -1.6920360e+00   7.2059110e-01   1.1324286e+00
   5.1690981e+01  -1.7086552e+00   6.8418079e-01   1.1087472e+00
   5.1940030e+01  -1.7248767e+00   6.4637798e-01   1.0821100e+00
   5.2189079e+01  -1.7406951e+00   6.0733287e-01   1.0527397e+00
   5.2433836e+01  -1.7558425e+00   5.6789568e-01   1.0214278e+00
   5.2678594e+01  -1.7705897e+00   5.2754626e-01   9.8790218e-01
   5.2923351e+01  -1.7849311e+00   4.8642716e-01   9.5237381e-01
   5.3168108e+01  -1.7988615e+00   4.4468096e-01   9.1505389e-01
   5.3408496e+01  -1.8121378e+00   4.0320753e-01   8.7686065e-01
   5.3648884e+01  -1.8250073e+00   3.6140177e-01   8.3734299e-01
   5.3889272e+01  -1.8374648e+00   3.1939873e-01   7.9670095e-01
   5.4129660e+01  -1.8495053e+00   2.7733348e-01   7.5513458e-01
   5.4366385e+01  -1.8609499e+00   2.3597971e-01   7.1349276e-01
   5.4603110e+01  -1.8719801e+00   1.9482557e-01   6.7133961e-01
   5.4839835e+01  -1.8825913e+00   1.5400005e-01   6.2886615e-01
   5.5076560e+01  -1.8927785e+00   1.1363211e-01   5.8626344e-01
   5.5310389e+01  -1.9024200e+00   7.4333407e-02   5.4424186e-01
   5.5544218e+01  -1.9116384e+00   3.5731318e-02   5.0246467e-01
   5.5778046e+01  -1.9204289e+00  -2.0498489e-03   4.6111599e-01
   5.6011875e+01  -1.9287870e+00  -3.8885788e-02   4.2037994e-01
   5.6243600e+01  -1.9366385e+00  -7.4335506e-02   3.8079591e-01
   5.6475325e+01  -1.9440560e+00  -1.0861387e-01   3.4217353e-01
   5.6707050e+01  -1.9510350e+00  -1.4159990e-01   3.0469200e-01
   5.6938775e+01  -1.9575709e+00  -1.7317262e-01   2.6853050e-01
   5.7169297e+01  -1.9636288e+00  -2.0305941e-01   2.3404383e-01
   5.7399820e+01  -1.9692391e+00  -2.3130867e-01   2.0121729e-01
   5.7630343e+01  -1.9743973e+00  -2.5780130e-01   1.7022730e-01
   5.7860866e+01  -1.9790990e+00  -2.8241818e-01   1.4125027e-01
   5.8091305e+01  -1.9833382e+00  -3.0503227e-01   1.1447203e-01
   5.8321743e+01  -1.9871122e+00  -3.2553401e-01   9.0057786e-02
   5.8552181e+01  -1.9904166e+00  -3.4380440e-01   6.8183751e-02
   5.8782619e+01  -1.9932467e+00  -3.5972448e-01   4.9026147e-02
   5.9014393e+01  -1.9956104e+00  -3.7324576e-01   3.2675743e-02
   5.9246166e+01  -1.9974852e+00  -3.8414800e-01   1.9430904e-02
   5.9477939e+01  -1.9988667e+00  -3.9231014e-01   9.4709319e-03
   5.9709712e+01  -1.9997502e+00  -3.9761113e-01   2.9751272e-03
   5.9751911e+01  -1.9998571e+00  -3.9825892e-01   2.1792436e-03
   5.9794110e+01  -1.9999473e+00  -3.9880713e-01   1.5052228e-03
   5.9836310e+01  -2.0000208e+00  -3.9925501e-01   9.5414711e-04
   5.9878509e+01  -2.0000776e+00  -3.9960184e-01   5.2709871e-04
   5.9920708e+01  -2.0001176e+00  -3.9984688e-01   2.2515977e-04
   5.9962907e+01  -2.0001408e+00  -3.9998941e-01   4.9412512e-05
   6.0005106e+01  -2.0001473e+00  -4.0002915e-01   0.0000000e+00
   6.0047306e+01  -2.0001473e+00  -4.0000269e-01   0.0000000e+00
   6.0089920e+01  -2.0001473e+00  -3.9993301e-01   0.0000000e+00
   6.0132534e+01  -2.0001473e+00  -3.9982053e-01   0.0000000e+00
   6.0175148e+01  -2.0001473e+00  -3.9966561e-01   0.0000000e+00
   6.0217762e+01  -2.0001473e+00  -3.9946864e-01   0.0000000e+00
   6.0430832e+01  -2.0001473e+00  -3.9786588e-01   0.0000000e+00
   6.0643902e+01  -2.0001473e+00  -3.9526736e-01   0.0000000e+00
   6.0856973e+01  -2.0001473e+00  -3.9171951e-01   0.0000000e+00
   6.1070043e+01  -2.0001473e+00  -3.8726877e-01   0.0000000e+00
   6.1393662e+01  -2.0001473e+00  -3.7888590e-01   0.0000000e+00
   6.1717281e+01  -2.0001473e+00  -3.6868999e-01   0.0000000e+00
   6.2040900e+01  -2.0001473e+00  -3.5684373e-01   0.0000000e+00
   6.2364519e+01  -2.0001473e+00  -3.4350982e-01   0.0000000e+00
   6.2684295e+01  -2.0001473e+00  -3.2903218e-01   0.0000000e+00
   6.3004071e+01  -2.0001473e+00  -3.1341785e-01   0.0000000e+00
   6.3323846e+01  -2.0001473e+00  -2.9682378e-01   0.0000000e+00
   6.3643622e+01  -2.0001473e+00  -2.7940694e-01   0.0000000e+00
   6.3960333e+01  -2.0001473e+00  -2.6150028e-01   0.0000000e+00
   6.4277043e+01  -2.0001473e+00  -2.4309301e-01   0.0000000e+00
   6.4593754e+01  -2.0001473e+00  -2.2433764e-01   0.0000000e+00
   6.4910465e+01  -2.0001473e+00  -2.0538666e-01   0.0000000e+00
   6.5224935e+01  -2.0001473e+00  -1.8652674e-01   0.0000000e+00
   6.5539405e+01  -2.0001473e+00  -1.6777361e-01   0.0000000e+00
   6.5853875e+01  -2.0001473e+00  -1.4927654e-01   0.0000000e+00
   6.6168345e+01  -2.0001473e+00  -1.3118482e-01   0.0000000e+00
   6.6313950e+01  -2.0001473e+00  -1.2298683e-01   0.0000000e+00
   6.6459556e+01  -2.0001473e+00  -1.1492256e-01   0.0000000e+00
   6.6605161e+01  -2.0001473e+00  -1.0700684e-01   0.0000000e+00
   6.6750766e+01  -2.0001473e+00  -9.9254473e-02   0.0000000e+00
   6.6803650e+01  -2.0001473e+00  -9.6482140e-02   0.0000000e+00
   6.6856534e+01  -2.0001473e+00  -9.3734021e-02   0.0000000e+00
   6.6909418e+01  -2.0001473e+00  -9.1010827e-02   0.0000000e+00
   6.6962302e+01  -2.0001473e+00  -8.8313267e-02   0.0000000e+00
   6.7015186e+01  -2.0001257e+00  -8.5642052e-02   0.0000000e+00
   6.7068070e+01  -1.9997154e+00  -8.2997891e-02   0.0000000e+00
   6.7120954e+01  -1.9987895e+00  -8.0381493e-02   0.0000000e+00
   6.7173838e+01  -1.9973551e+00  -7.7793571e-02   0.0000000e+00
   6.7220568e+01  -1.9956699e+00  -7.5531042e-02   0.0000000e+00
   6.7267298e+01  -1.9935978e+00  -7.3291791e-02   0.0000000e+00
   6.7314029e+01  -1.9911435e+00  -7.1076308e-02   0.0000000e+00
   6.7360759e+01  -1.9883120e+00  -6.8885081e-02   0.0000000e+00
   6.7594411e+01  -1.9686616e+00  -5.8309953e-02   0.0000000e+00
   6.7828063e+01  -1.9402955e+00  -4.8414732e-02   0.0000000e+00
   6.8061715e+01  -1.9038117e+00  -3.9260653e-02   0.0000000e+00
   6.8295367e+01  -1.8598080e+00  -3.0908948e-02   0.0000000e+00
   6.8597129e+01  -1.7928206e+00  -2.1409410e-02   0.0000000e+00
   6.8898891e+01  -1.7155759e+00  -1.3482257e-02   0.0000000e+00
   6.9200653e+01  -1.6293621e+00  -7.2593971e-03   0.0000000e+00
   6.9502416e+01  -1.5354672e+00  -2.8727363e-03   0.0000000e+00
   6.9628343e+01  -1.4943199e+00  -1.6166011e-03   0.0000000e+00
   6.9754269e+01  -1.4521530e+00  -7.1278452e-04   0.0000000e+00
   6.9880196e+01  -1.4090600e+00  -1.7087226e-04   0.0000000e+00
   7.0006123e+01  -1.3651345e+00   0.0000000e+00   0.0000000e+00
   7.0132050e+01  -1.3204702e+00   0.0000000e+00   0.0000000e+00
   7.0257977e+01  -1.2751608e+00   0.0000000e+00   0.0000000e+00
   7.0383904e+01  -1.2292997e+00   0.0000000e+00   0.0000000e+00
   7.0509831e+01  -1.1829806e+00   0.0000000e+00   0.0000000e+00
   7.1139465e+01  -9.4779168e-01   0.0000000e+00   0.0000000e+00
   7.1769099e+01  -7.1519464e-01   0.0000000e+00   0.0000000e+00
   7.2398734e+01  -4.9689091e-01   0.0000000e+00   0.0000000e+00
   7.3028368e+01  -3.0458188e-01   0.0000000e+00   0.0000000e+00
   7.3278368e+01  -2.3802738e-01   0.0000000e+00   0.0000000e+00
   7.3528368e+01  -1.7814827e-01   0.0000000e+00   0.0000000e+00
   7.3778368e+01  -1.2567704e-01   0.0000000e+00   0.0000000e+00
   7.4028368e+01  -8.1346155e-02   0.0000000e+00   0.0000000e+00
   7.4135847e+01  -6.4972098e-02   0.0000000e+00   0.0000000e+00
   7.4243325e+01  -5.0296182e-02   0.0000000e+00   0.0000000e+00
   7.4350804e+01  -3.7376611e-02   0.0000000e+00   0.0000000e+00
   7.4458283e+01  -2.6271586e-02   0.0000000e+00   0.0000000e+00
   7.4565762e+01  -1.7039310e-02   0.0000000e+00   0.0000000e+00
   7.4673241e+01  -9.7379865e-03   0.0000000e+00   0.0000000e+00
   7.4780720e+01  -4.4258170e-03   0.0000000e+00   0.0000000e+00
   7.4888198e+01  -1.1610045e-03   0.0000000e+00   0.0000000e+00
   7.4936655e+01  -3.7422648e-04   0.0000000e+00   0.0000000e+00
   7.4985111e+01  -2.0758973e-05   0.0000000e+00   0.0000000e+00
   7.5033567e+01   0.0000000e+00   0.0000000e+00   0.0000000e+00
   7.5082023e+01   0.0000000e+00   0.0000000e+00   0.0000000e+00
   7.5130479e+01   0.0000000e+00   0.0000000e+00   0.0000000e+00
   7.5178936e+01   0.0000000e+00   0.0000000e+00   0.0000000e+00
   7.5227392e+01   0.0000000e+00   0.0000000e+00   0.0000000e+00
   7.5275848e+01   0.0000000e+00   0.0000000e+00   0.0000000e+00
   7.5518129e+01   0.0000000e+00   0.0000000e+00   0.0000000e+00
   7.5760410e+01   0.0000000e+00   0.0000000e+00   0.0000000e+00
   7.6002691e+01   0.0000000e+00   0.0000000e+00   0.0000000e+00
   7.6244972e+01   0.0000000e+00   0.0000000e+00   0.0000000e+00
   7.7456377e+01   0.0000000e+00   0.0000000e+00   0.0000000e+00
   7.8667782e+01   0.0000000e+00   0.0000000e+00   0.0000000e+00
   7.9879186e+01   0.0000000e+00   0.0000000e+00   0.0000000e+00
   8.1090591e+01   0.0000000e+00   0.0000000e+00   0.0000000e+00
   8.3590591e+01   0.0000000e+00   0.0000000e+00   0.0000000e+00
   8.6090591e+01   0.0000000e+00   0.0000000e+00   0.0000000e+00
   8.8590591e+01   0.0000000e+00   0.0000000e+00   0.0000000e+00
   9.1090591e+01   0.0000000e+00   0.0000000e+00   0.0000000e+00
   9.3317943e+01   0.0000000e+00   0.0000000e+00   0.0000000e+00
   9.5545296e+01   0.0000000e+00   0.0000000e+00   0.0000000e+00
   9.7772648e+01   0.0000000e+00   0.0000000e+00   0.0000000e+00
   1.0000000e+02   0.0000000e+00   0.0000000e+00   0.0000000e+00
