time u
   0.0000000e+00   1.0555556e+02
   2.5000000e-01   1.0357077e+02
   5.0000000e-01   1.0158620e+02
   7.5000000e-01   9.9619010e+01
   1.0000000e+00   9.7686389e+01
   1.2500000e+00   9.5805509e+01
   1.5000000e+00   9.3993547e+01
   1.7500000e+00   9.2267678e+01
   2.0000000e+00   9.0645079e+01
   2.0836975e+00   9.0127911e+01
   2.1673951e+00   8.9624887e+01
   2.2510926e+00   8.9136652e+01
   2.3347901e+00   8.8663851e+01
   2.4184877e+00   8.8207128e+01
   2.5021852e+00   8.7767128e+01
   2.5858828e+00   8.7344496e+01
   2.6695803e+00   8.6939875e+01
   2.7173058e+00   8.6717466e+01
   2.7650312e+00   8.6501242e+01
   2.8127567e+00   8.6291323e+01
   2.8604822e+00   8.6087829e+01
   2.8937307e+00   8.5949922e+01
   2.9269792e+00   8.5815233e+01
   2.9602277e+00   8.5683800e+01
   2.9934762e+00   8.5555664e+01
   3.0267248e+00   8.5430866e+01
   3.0599733e+00   8.5309446e+01
   3.0932218e+00   8.5191445e+01
   3.1264703e+00   8.5076902e+01
   3.1875178e+00   8.4875731e+01
   3.2485653e+00   8.4686607e+01
   3.3096129e+00   8.4509781e+01
   3.3706604e+00   8.4343270e+01
   3.6097708e+00   8.3702108e+01
   3.8488811e+00   8.3073549e+01
   4.0879915e+00   8.2458429e+01
   4.3271019e+00   8.1857583e+01
   4.5252078e+00   8.1371183e+01
   4.7233138e+00   8.0895630e+01
   4.9214197e+00   8.0431397e+01
   5.1195257e+00   7.9978960e+01
   5.3093816e+00   7.9556872e+01
   5.4992375e+00   7.9146473e+01
   5.6890934e+00   7.8748179e+01
   5.8789493e+00   7.8362409e+01
   6.0655387e+00   7.7995883e+01
   6.2521281e+00   7.7642254e+01
   6.4387176e+00   7.7301918e+01
   6.6253070e+00   7.6975273e+01
   6.8103414e+00   7.6665260e+01
   6.9953758e+00   7.6369488e+01
   7.1804103e+00   7.6088342e+01
   7.3654447e+00   7.5822210e+01
   7.4150474e+00   7.5753469e+01
   7.4646501e+00   7.5685842e+01
   7.5142528e+00   7.5619337e+01
   7.5638555e+00   7.5553960e+01
   7.6134581e+00   7.5489721e+01
   7.6630608e+00   7.5426625e+01
   7.7126635e+00   7.5364681e+01
   7.7622662e+00   7.5303896e+01
   7.8224280e+00   7.5231737e+01
   7.8825898e+00   7.5161307e+01
   7.9427516e+00   7.5092620e+01
   8.0029133e+00   7.5025688e+01
   8.0630751e+00   7.4960526e+01
   8.1232369e+00   7.4897145e+01
   8.1833987e+00   7.4835561e+01
   8.2435605e+00   7.4775785e+01
   8.4781372e+00   7.4560240e+01
   8.7127139e+00   7.4373185e+01
   8.9472906e+00   7.4215410e+01
   9.1818673e+00   7.4087703e+01
   9.2533204e+00   7.4054897e+01
   9.3247735e+00   7.4024977e+01
   9.3962266e+00   7.3997964e+01
   9.4676797e+00   7.3973881e+01
   9.5391328e+00   7.3952750e+01
   9.6105859e+00   7.3934593e+01
   9.6820390e+00   7.3919433e+01
   9.7534921e+00   7.3907292e+01
   9.7958110e+00   7.3901534e+01
   9.8381300e+00   7.3896847e+01
   9.8804489e+00   7.3893236e+01
   9.9227679e+00   7.3890706e+01
   9.9650868e+00   7.3889261e+01
   1.0007406e+01   7.3888939e+01
   1.0049725e+01   7.3891126e+01
   1.0092044e+01   7.3896532e+01
   1.0131019e+01   7.3904337e+01
   1.0169995e+01   7.3914828e+01
   1.0208971e+01   7.3927985e+01
   1.0247947e+01   7.3943788e+01
   1.0442826e+01   7.4061741e+01
   1.0637705e+01   7.4242672e+01
   1.0832584e+01   7.4483956e+01
   1.1027463e+01   7.4782969e+01
   1.1446011e+01   7.5608039e+01
   1.1864558e+01   7.6661293e+01
   1.2283105e+01   7.7916731e+01
   1.2701653e+01   7.9348355e+01
   1.3104729e+01   8.0869325e+01
   1.3507805e+01   8.2506364e+01
   1.3910882e+01   8.4236249e+01
   1.4313958e+01   8.6035760e+01
   1.4694837e+01   8.7779205e+01
   1.5075716e+01   8.9544493e+01
   1.5456595e+01   9.1312030e+01
   1.5837474e+01   9.3062225e+01
   1.6203591e+01   9.4710011e+01
   1.6569708e+01   9.6306268e+01
   1.6935826e+01   9.7833596e+01
   1.7301943e+01   9.9274593e+01
   1.7658352e+01   1.0057789e+02
   1.8014762e+01   1.0176682e+02
   1.8371171e+01   1.0282535e+02
   1.8727581e+01   1.0373741e+02
   1.8864179e+01   1.0404476e+02
   1.9000777e+01   1.0432733e+02
   1.9137375e+01   1.0458423e+02
   1.9273973e+01   1.0481454e+02
   1.9410570e+01   1.0501737e+02
   1.9547168e+01   1.0519181e+02
   1.9683766e+01   1.0533695e+02
   1.9820364e+01   1.0545189e+02
   1.9918417e+01   1.0551527e+02
   2.0016470e+01   1.0556253e+02
   2.0114523e+01   1.0560399e+02
   2.0212575e+01   1.0564536e+02
   2.0310628e+01   1.0568661e+02
   2.0408681e+01   1.0572777e+02
   2.0506734e+01   1.0576883e+02
   2.0604787e+01   1.0580978e+02
   2.1032248e+01   1.0598713e+02
   2.1459709e+01   1.0616256e+02
   2.1887171e+01   1.0633608e+02
   2.2314632e+01   1.0650769e+02
   2.2741468e+01   1.0667716e+02
   2.3168304e+01   1.0684475e+02
   2.3595140e+01   1.0701047e+02
   2.4021976e+01   1.0717433e+02
   2.4124290e+01   1.0721333e+02
   2.4226604e+01   1.0725223e+02
   2.4328918e+01   1.0729101e+02
   2.4431233e+01   1.0732970e+02
   2.4533547e+01   1.0736828e+02
   2.4635861e+01   1.0740675e+02
   2.4738175e+01   1.0744511e+02
   2.4840489e+01   1.0748338e+02
   2.4880119e+01   1.0749817e+02
   2.4919748e+01   1.0751294e+02
   2.4959378e+01   1.0752770e+02
   2.4999008e+01   1.0754245e+02
   2.5038637e+01   1.0755717e+02
   2.5078267e+01   1.0757189e+02
   2.5117897e+01   1.0758658e+02
   2.5157526e+01   1.0760126e+02
   2.5342804e+01   1.0766969e+02
   2.5528082e+01   1.0773778e+02
   2.5713360e+01   1.0780552e+02
   2.5898637e+01   1.0787292e+02
   2.6106765e+01   1.0794822e+02
   2.6314893e+01   1.0802310e+02
   2.6523021e+01   1.0809754e+02
   2.6731149e+01   1.0817156e+02
   2.6938476e+01   1.0824488e+02
   2.7145803e+01   1.0831776e+02
   2.7353129e+01   1.0839023e+02
   2.7560456e+01   1.0846228e+02
   2.7767000e+01   1.0853364e+02
   2.7973543e+01   1.0860459e+02
   2.8180087e+01   1.0867512e+02
   2.8386630e+01   1.0874524e+02
   2.8592530e+01   1.0881473e+02
   2.8798430e+01   1.0888381e+02
   2.9004330e+01   1.0895249e+02
   2.9210229e+01   1.0902076e+02
   2.9415630e+01   1.0908846e+02
   2.9621031e+01   1.0915576e+02
   2.9826431e+01   1.0922266e+02
   3.0031832e+01   1.0928917e+02
   3.0236888e+01   1.0935516e+02
   3.0441944e+01   1.0942075e+02
   3.0647001e+01   1.0948595e+02
   3.0852057e+01   1.0955076e+02
   3.1056933e+01   1.0961512e+02
   3.1261809e+01   1.0967908e+02
   3.1466686e+01   1.0974266e+02
   3.1671562e+01   1.0980584e+02
   3.1876430e+01   1.0986864e+02
   3.2081297e+01   1.0993105e+02
   3.2286165e+01   1.0999307e+02
   3.2491032e+01   1.1005470e+02
   3.2696064e+01   1.1011601e+02
   3.2901096e+01   1.1017692e+02
   3.3106127e+01   1.1023746e+02
   3.3311159e+01   1.1029761e+02
   3.3516523e+01   1.1035748e+02
   3.3721888e+01   1.1041697e+02
   3.3927253e+01   1.1047608e+02
   3.4132617e+01   1.1053481e+02
   3.4338477e+01   1.1059330e+02
   3.4544337e+01   1.1065141e+02
   3.4750197e+01   1.1070915e+02
   3.4956057e+01   1.1076651e+02
   3.5114894e+01   1.1081051e+02
   3.5273731e+01   1.1085429e+02
   3.5432569e+01   1.1089785e+02
   3.5591406e+01   1.1094118e+02
   3.5750243e+01   1.1098429e+02
   3.5909080e+01   1.1102718e+02
   3.6067917e+01   1.1106985e+02
   3.6226754e+01   1.1111230e+02
   3.6585868e+01   1.1120747e+02
   3.6944983e+01   1.1130152e+02
   3.7304097e+01   1.1139446e+02
   3.7663211e+01   1.1148629e+02
   3.8022784e+01   1.1157714e+02
   3.8382358e+01   1.1166689e+02
   3.8741931e+01   1.1175555e+02
   3.9101504e+01   1.1184312e+02
   3.9462037e+01   1.1192983e+02
   3.9822570e+01   1.1201547e+02
   4.0183103e+01   1.1210003e+02
   4.0543636e+01   1.1218352e+02
   4.0905399e+01   1.1226623e+02
   4.1267162e+01   1.1234787e+02
   4.1628925e+01   1.1242845e+02
   4.1990689e+01   1.1250797e+02
   4.2353974e+01   1.1258678e+02
   4.2717259e+01   1.1266453e+02
   4.3080544e+01   1.1274123e+02
   4.3443829e+01   1.1281690e+02
   4.3808965e+01   1.1289190e+02
   4.4174102e+01   1.1296587e+02
   4.4539238e+01   1.1303880e+02
   4.4904375e+01   1.1311070e+02
   4.5271749e+01   1.1318202e+02
   4.5639124e+01   1.1325230e+02
   4.6006498e+01   1.1332156e+02
   4.6373873e+01   1.1338981e+02
   4.6743943e+01   1.1345753e+02
   4.7114014e+01   1.1352423e+02
   4.7484084e+01   1.1358992e+02
   4.7854154e+01   1.1365460e+02
   4.7897253e+01   1.1366206e+02
   4.7940351e+01   1.1366952e+02
   4.7983449e+01   1.1367696e+02
   4.8026547e+01   1.1368439e+02
   4.8069645e+01   1.1369180e+02
   4.8112743e+01   1.1369920e+02
   4.8155841e+01   1.1370658e+02
   4.8198939e+01   1.1371396e+02
   4.8414430e+01   1.1375062e+02
   4.8629921e+01   1.1378694e+02
   4.8845411e+01   1.1382293e+02
   4.9060902e+01   1.1385858e+02
   4.9141888e+01   1.1387189e+02
   4.9222874e+01   1.1388516e+02
   4.9303859e+01   1.1389838e+02
   4.9384845e+01   1.1391155e+02
   4.9465831e+01   1.1392468e+02
   4.9546817e+01   1.1393776e+02
   4.9627803e+01   1.1395079e+02
   4.9708788e+01   1.1396377e+02
   4.9757597e+01   1.1397158e+02
   4.9806406e+01   1.1397937e+02
   4.9855216e+01   1.1398714e+02
   4.9904025e+01   1.1399489e+02
   4.9952834e+01   1.1400262e+02
   5.0001643e+01   1.1401034e+02
   5.0050452e+01   1.1401805e+02
   5.0099261e+01   1.1402573e+02
   5.0144828e+01   1.1403289e+02
   5.0190396e+01   1.1404004e+02
   5.0235964e+01   1.1404717e+02
   5.0281531e+01   1.1405429e+02
   5.0509369e+01   1.1408965e+02
   5.0737207e+01   1.1412465e+02
   5.0965046e+01   1.1415929e+02
   5.1192884e+01   1.1419357e+02
   5.1441932e+01   1.1423063e+02
   5.1690981e+01   1.1426726e+02
   5.1940030e+01   1.1430346e+02
   5.2189079e+01   1.1433925e+02
   5.2433836e+01   1.1437400e+02
   5.2678594e+01   1.1440835e+02
   5.2923351e+01   1.1444230e+02
   5.3168108e+01   1.1447584e+02
   5.3408496e+01   1.1450840e+02
   5.3648884e+01   1.1454057e+02
   5.3889272e+01   1.1457236e+02
   5.4129660e+01   1.1460377e+02
   5.4366385e+01   1.1463432e+02
   5.4603110e+01   1.1466452e+02
   5.4839835e+01   1.1469434e+02
   5.5076560e+01   1.1472381e+02
   5.5310389e+01   1.1475256e+02
   5.5544218e+01   1.1478095e+02
   5.5778046e+01   1.1480900e+02
   5.6011875e+01   1.1483670e+02
   5.6243600e+01   1.1486381e+02
   5.6475325e+01   1.1489058e+02
   5.6707050e+01   1.1491701e+02
   5.6938775e+01   1.1494310e+02
   5.7169297e+01   1.1496873e+02
   5.7399820e+01   1.1499403e+02
   5.7630343e+01   1.1501900e+02
   5.7860866e+01   1.1504364e+02
   5.8091305e+01   1.1506795e+02
   5.8321743e+01   1.1509194e+02
   5.8552181e+01   1.1511560e+02
   5.8782619e+01   1.1513895e+02
   5.9014393e+01   1.1516210e+02
   5.9246166e+01   1.1518494e+02
   5.9477939e+01   1.1520745e+02
   5.9709712e+01   1.1522965e+02
   5.9751911e+01   1.1523366e+02
   5.9794110e+01   1.1523765e+02
   5.9836310e+01   1.1524164e+02
   5.9878509e+01   1.1524562e+02
   5.9920708e+01   1.1524958e+02
   5.9962907e+01   1.1525354e+02
   6.0005106e+01   1.1525748e+02
   6.0047306e+01   1.1526142e+02
   6.0089920e+01   1.1526538e+02
   6.0132534e+01   1.1526933e+02
   6.0175148e+01   1.1527327e+02
   6.0217762e+01   1.1527720e+02
   6.0430832e+01   1.1529669e+02
   6.0643902e+01   1.1531592e+02
   6.0856973e+01   1.1533489e+02
   6.1070043e+01   1.1535359e+02
   6.1393662e+01   1.1538150e+02
   6.1717281e+01   1.1540882e+02
   6.2040900e+01   1.1543554e+02
   6.2364519e+01   1.1546167e+02
   6.2684295e+01   1.1548692e+02
   6.3004071e+01   1.1551160e+02
   6.3323846e+01   1.1553572e+02
   6.3643622e+01   1.1555928e+02
   6.3960333e+01   1.1558207e+02
   6.4277043e+01   1.1560431e+02
   6.4593754e+01   1.1562602e+02
   6.4910465e+01   1.1564720e+02
   6.5224935e+01   1.1566770e+02
   6.5539405e+01   1.1568768e+02
   6.5853875e+01   1.1570715e+02
   6.6168345e+01   1.1572611e+02
   6.6313950e+01   1.1573472e+02
   6.6459556e+01   1.1574322e+02
   6.6605161e+01   1.1575161e+02
   6.6750766e+01   1.1575989e+02
   6.6803650e+01   1.1576287e+02
   6.6856534e+01   1.1576584e+02
   6.6909418e+01   1.1576879e+02
   6.6962302e+01   1.1577173e+02
   6.7015186e+01   1.1577466e+02
   6.7068070e+01   1.1577757e+02
   6.7120954e+01   1.1578046e+02
   6.7173838e+01   1.1578335e+02
   6.7220568e+01   1.1578588e+02
   6.7267298e+01   1.1578841e+02
   6.7314029e+01   1.1579092e+02
   6.7360759e+01   1.1579343e+02
   6.7594411e+01   1.1580578e+02
   6.7828063e+01   1.1581786e+02
   6.8061715e+01   1.1582968e+02
   6.8295367e+01   1.1584122e+02
   6.8597129e+01   1.1585574e+02
   6.8898891e+01   1.1586982e+02
   6.9200653e+01   1.1588346e+02
   6.9502416e+01   1.1589667e+02
   6.9628343e+01   1.1590205e+02
   6.9754269e+01   1.1590736e+02
   6.9880196e+01   1.1591259e+02
   7.0006123e+01   1.1591775e+02
   7.0132050e+01   1.1592284e+02
   7.0257977e+01   1.1592785e+02
   7.0383904e+01   1.1593279e+02
   7.0509831e+01   1.1593766e+02
   7.1139465e+01   1.1596090e+02
   7.1769099e+01   1.1598234e+02
   7.2398734e+01   1.1600201e+02
   7.3028368e+01   1.1601994e+02
   7.3278368e+01   1.1602659e+02
   7.3528368e+01   1.1603297e+02
   7.3778368e+01   1.1603908e+02
   7.4028368e+01   1.1604493e+02
   7.4135847e+01   1.1604737e+02
   7.4243325e+01   1.1604975e+02
   7.4350804e+01   1.1605209e+02
   7.4458283e+01   1.1605438e+02
   7.4565762e+01   1.1605662e+02
   7.4673241e+01   1.1605882e+02
   7.4780720e+01   1.1606097e+02
   7.4888198e+01   1.1606307e+02
   7.4936655e+01   1.1606400e+02
   7.4985111e+01   1.1606492e+02
   7.5033567e+01   1.1606583e+02
   7.5082023e+01   1.1606673e+02
   7.5130479e+01   1.1606763e+02
   7.5178936e+01   1.1606851e+02
   7.5227392e+01   1.1606938e+02
   7.5275848e+01   1.1607025e+02
   7.5518129e+01   1.1607443e+02
   7.5760410e+01   1.1607837e+02
   7.6002691e+01   1.1608209e+02
   7.6244972e+01   1.1608557e+02
   7.7456377e+01   1.1609955e+02
   7.8667782e+01   1.1610798e+02
   7.9879186e+01   1.1611109e+02
   8.1090591e+01   1.1605994e+02
   8.3590591e+01   1.1558481e+02
   8.6090591e+01   1.1467834e+02
   8.8590591e+01   1.1342301e+02
   9.1090591e+01   1.1190129e+02
   9.3317943e+01   1.1038806e+02
   9.5545296e+01   1.0878714e+02
   9.7772648e+01   1.0715687e+02
   1.0000000e+02   1.0555556e+02
