time Xe Ye Ze
   0.0000000e+00   0.0000000e+00   0.0000000e+00  -1.0000000e+03
   2.5000000e-01   2.6140965e+01   4.3154713e-06  -1.0000000e+03
   5.0000000e-01   5.1785402e+01   5.9050587e-05  -1.0000000e+03
   7.5000000e-01   7.6935512e+01   2.4199543e-04  -1.0000002e+03
   1.0000000e+00   1.0159779e+02   6.5343192e-04  -1.0000005e+03
   1.2500000e+00   1.2578302e+02   1.4647317e-03  -1.0000012e+03
   1.5000000e+00   1.4950625e+02   2.9189440e-03  -1.0000024e+03
   1.7500000e+00   1.7277759e+02   5.4278906e-03  -1.0000045e+03
   2.0000000e+00   1.9562578e+02   9.1291417e-03  -1.0000076e+03
   2.0836975e+00   2.0318777e+02   1.0638558e-02  -1.0000089e+03
   2.1673951e+00   2.1070841e+02   1.2291040e-02  -1.0000102e+03
   2.2510926e+00   2.1818915e+02   1.4093847e-02  -1.0000117e+03
   2.3347901e+00   2.2563141e+02   1.6056080e-02  -1.0000134e+03
   2.4184877e+00   2.3303659e+02   1.8188678e-02  -1.0000152e+03
   2.5021852e+00   2.4040604e+02   2.0504424e-02  -1.0000171e+03
   2.5858828e+00   2.4774110e+02   2.3017937e-02  -1.0000192e+03
   2.6695803e+00   2.5504307e+02   2.5745682e-02  -1.0000214e+03
   2.7173058e+00   2.5919243e+02   2.7403930e-02  -1.0000228e+03
   2.7650312e+00   2.6333168e+02   2.9141412e-02  -1.0000243e+03
   2.8127567e+00   2.6746104e+02   3.0961986e-02  -1.0000258e+03
   2.8604822e+00   2.7158075e+02   3.2869700e-02  -1.0000274e+03
   2.8937307e+00   2.7444520e+02   3.4252480e-02  -1.0000285e+03
   2.9269792e+00   2.7730515e+02   3.5681099e-02  -1.0000297e+03
   2.9602277e+00   2.8016066e+02   3.7157096e-02  -1.0000310e+03
   2.9934762e+00   2.8301182e+02   3.8682054e-02  -1.0000322e+03
   3.0267248e+00   2.8585870e+02   4.0257600e-02  -1.0000335e+03
   3.0599733e+00   2.8870136e+02   4.1885409e-02  -1.0000349e+03
   3.0932218e+00   2.9153988e+02   4.3567202e-02  -1.0000363e+03
   3.1264703e+00   2.9437432e+02   4.5304745e-02  -1.0000377e+03
   3.1875178e+00   2.9956827e+02   4.8646264e-02  -1.0000405e+03
   3.2485653e+00   3.0474914e+02   5.2193488e-02  -1.0000435e+03
   3.3096129e+00   3.0991735e+02   5.5958556e-02  -1.0000466e+03
   3.3706604e+00   3.1507331e+02   5.9954131e-02  -1.0000499e+03
   3.6097708e+00   3.3515759e+02   7.8081045e-02  -1.0000650e+03
   3.8488811e+00   3.5508261e+02   1.0082499e-01  -1.0000839e+03
   4.0879915e+00   3.7486812e+02   1.2917957e-01  -1.0001075e+03
   4.3271019e+00   3.9451257e+02   1.6456662e-01  -1.0001368e+03
   4.5252078e+00   4.1068059e+02   2.0072808e-01  -1.0001667e+03
   4.7233138e+00   4.2675329e+02   2.4447237e-01  -1.0002029e+03
   4.9214197e+00   4.4273286e+02   2.9713262e-01  -1.0002465e+03
   5.1195257e+00   4.5862158e+02   3.6008055e-01  -1.0002985e+03
   5.3093816e+00   4.7376555e+02   4.3136569e-01  -1.0003574e+03
   5.4992375e+00   4.8883039e+02   5.1466915e-01  -1.0004260e+03
   5.6890934e+00   5.0381833e+02   6.1129806e-01  -1.0005054e+03
   5.8789493e+00   5.1873166e+02   7.2259211e-01  -1.0005967e+03
   6.0655387e+00   5.3331800e+02   8.4758938e-01  -1.0006988e+03
   6.2521281e+00   5.4783688e+02   9.8941009e-01  -1.0008144e+03
   6.4387176e+00   5.6229069e+02   1.1494178e+00  -1.0009443e+03
   6.6253070e+00   5.7668185e+02   1.3290066e+00  -1.0010896e+03
   6.8103414e+00   5.9089372e+02   1.5278382e+00  -1.0012498e+03
   6.9953758e+00   6.0504898e+02   1.7487451e+00  -1.0014271e+03
   7.1804103e+00   6.1915022e+02   1.9931749e+00  -1.0016224e+03
   7.3654447e+00   6.3320009e+02   2.2626054e+00  -1.0018369e+03
   7.4150474e+00   6.3695818e+02   2.3393573e+00  -1.0018978e+03
   7.4646501e+00   6.4071299e+02   2.4181786e+00  -1.0019603e+03
   7.5142528e+00   6.4446453e+02   2.4990833e+00  -1.0020243e+03
   7.5638555e+00   6.4821284e+02   2.5820857e+00  -1.0020899e+03
   7.6134581e+00   6.5195795e+02   2.6672004e+00  -1.0021571e+03
   7.6630608e+00   6.5569991e+02   2.7544420e+00  -1.0022259e+03
   7.7126635e+00   6.5943875e+02   2.8438255e+00  -1.0022962e+03
   7.7622662e+00   6.6317451e+02   2.9353662e+00  -1.0023682e+03
   7.8224280e+00   6.6770145e+02   3.0493106e+00  -1.0024576e+03
   7.8825898e+00   6.7222399e+02   3.1664791e+00  -1.0025494e+03
   7.9427516e+00   6.7674222e+02   3.2869004e+00  -1.0026435e+03
   8.0029133e+00   6.8125622e+02   3.4106034e+00  -1.0027401e+03
   8.0630751e+00   6.8576609e+02   3.5376179e+00  -1.0028391e+03
   8.1232369e+00   6.9027190e+02   3.6679739e+00  -1.0029406e+03
   8.1833987e+00   6.9477375e+02   3.8017021e+00  -1.0030445e+03
   8.2435605e+00   6.9927175e+02   3.9388337e+00  -1.0031509e+03
   8.4781372e+00   7.1677494e+02   4.5066305e+00  -1.0035894e+03
   8.7127139e+00   7.3422749e+02   5.1286121e+00  -1.0040667e+03
   8.9472906e+00   7.5163663e+02   5.8068507e+00  -1.0045837e+03
   9.1818673e+00   7.6901038e+02   6.5435382e+00  -1.0051413e+03
   9.2533204e+00   7.7429679e+02   6.7798995e+00  -1.0053195e+03
   9.3247735e+00   7.7958100e+02   7.0219651e+00  -1.0055015e+03
   9.3962266e+00   7.8486326e+02   7.2698035e+00  -1.0056875e+03
   9.4676797e+00   7.9014385e+02   7.5234843e+00  -1.0058774e+03
   9.5391328e+00   7.9542307e+02   7.7830781e+00  -1.0060714e+03
   9.6105859e+00   8.0070119e+02   8.0486565e+00  -1.0062694e+03
   9.6820390e+00   8.0597852e+02   8.3202922e+00  -1.0064714e+03
   9.7534921e+00   8.1125536e+02   8.5980589e+00  -1.0066776e+03
   9.7958110e+00   8.1438052e+02   8.7654909e+00  -1.0068016e+03
   9.8381300e+00   8.1750569e+02   8.9351153e+00  -1.0069271e+03
   9.8804489e+00   8.2063092e+02   9.1069480e+00  -1.0070541e+03
   9.9227679e+00   8.2375630e+02   9.2810049e+00  -1.0071826e+03
   9.9650868e+00   8.2688187e+02   9.4573022e+00  -1.0073125e+03
   1.0007406e+01   8.3000772e+02   9.6358560e+00  -1.0074439e+03
   1.0049725e+01   8.3313390e+02   9.8166826e+00  -1.0075768e+03
   1.0092044e+01   8.3626051e+02   9.9997986e+00  -1.0077112e+03
   1.0131019e+01   8.3914054e+02   1.0170488e+01  -1.0078363e+03
   1.0169995e+01   8.4202104e+02   1.0343147e+01  -1.0079627e+03
   1.0208971e+01   8.4490206e+02   1.0517787e+01  -1.0080904e+03
   1.0247947e+01   8.4778366e+02   1.0694423e+01  -1.0082194e+03
   1.0442826e+01   8.6220245e+02   1.1608004e+01  -1.0088841e+03
   1.0637705e+01   8.7664475e+02   1.2573505e+01  -1.0095821e+03
   1.0832584e+01   8.9111842e+02   1.3592684e+01  -1.0103142e+03
   1.1027463e+01   9.0563170e+02   1.4667353e+01  -1.0110811e+03
   1.1446011e+01   9.3697686e+02   1.7171836e+01  -1.0128500e+03
   1.1864558e+01   9.6863603e+02   1.9960401e+01  -1.0147918e+03
   1.2283105e+01   1.0007082e+03   2.3053671e+01  -1.0169153e+03
   1.2701653e+01   1.0333003e+03   2.6473482e+01  -1.0192295e+03
   1.3104729e+01   1.0652898e+03   3.0096584e+01  -1.0216479e+03
   1.3507805e+01   1.0979694e+03   3.4062552e+01  -1.0242650e+03
   1.3910882e+01   1.1313388e+03   3.8396055e+01  -1.0270877e+03
   1.4313958e+01   1.1653810e+03   4.3120996e+01  -1.0301209e+03
   1.4694837e+01   1.1981490e+03   4.7965136e+01  -1.0331836e+03
   1.5075716e+01   1.2314816e+03   5.3194975e+01  -1.0364396e+03
   1.5456595e+01   1.2653583e+03   5.8825538e+01  -1.0398899e+03
   1.5837474e+01   1.2997565e+03   6.4870184e+01  -1.0435350e+03
   1.6203591e+01   1.3332903e+03   7.1081773e+01  -1.0472218e+03
   1.6569708e+01   1.3672598e+03   7.7695722e+01  -1.0510866e+03
   1.6935826e+01   1.4016396e+03   8.4719544e+01  -1.0551273e+03
   1.7301943e+01   1.4364029e+03   9.2159330e+01  -1.0593412e+03
   1.7658352e+01   1.4705854e+03   9.9805873e+01  -1.0636061e+03
   1.8014762e+01   1.5050762e+03   1.0785406e+02  -1.0680276e+03
   1.8371171e+01   1.5398457e+03   1.1630562e+02  -1.0726009e+03
   1.8727581e+01   1.5748628e+03   1.2516103e+02  -1.0773206e+03
   1.8864179e+01   1.5883424e+03   1.2866188e+02  -1.0791671e+03
   1.9000777e+01   1.6018516e+03   1.3222185e+02  -1.0810337e+03
   1.9137375e+01   1.6153887e+03   1.3584081e+02  -1.0829202e+03
   1.9273973e+01   1.6289515e+03   1.3951861e+02  -1.0848262e+03
   1.9410570e+01   1.6425382e+03   1.4325508e+02  -1.0867511e+03
   1.9547168e+01   1.6561468e+03   1.4705001e+02  -1.0886947e+03
   1.9683766e+01   1.6697750e+03   1.5090316e+02  -1.0906565e+03
   1.9820364e+01   1.6834209e+03   1.5481428e+02  -1.0926359e+03
   1.9918417e+01   1.6932259e+03   1.5765734e+02  -1.0940674e+03
   2.0016470e+01   1.7030382e+03   1.6053000e+02  -1.0955077e+03
   2.0114523e+01   1.7128568e+03   1.6343214e+02  -1.0969564e+03
   2.0212575e+01   1.7226810e+03   1.6636363e+02  -1.0984134e+03
   2.0310628e+01   1.7325100e+03   1.6932433e+02  -1.0998786e+03
   2.0408681e+01   1.7423429e+03   1.7231410e+02  -1.1013517e+03
   2.0506734e+01   1.7521789e+03   1.7533279e+02  -1.1028325e+03
   2.0604787e+01   1.7620171e+03   1.7838023e+02  -1.1043209e+03
   2.1032248e+01   1.8049117e+03   1.9199723e+02  -1.1108920e+03
   2.1459709e+01   1.8477594e+03   2.0614193e+02  -1.1175839e+03
   2.1887171e+01   1.8904840e+03   2.2079627e+02  -1.1243770e+03
   2.2314632e+01   1.9330061e+03   2.3593950e+02  -1.1312502e+03
   2.2741468e+01   1.9752089e+03   2.5153356e+02  -1.1381764e+03
   2.3168304e+01   2.0172600e+03   2.6763433e+02  -1.1451791e+03
   2.3595140e+01   2.0591763e+03   2.8424903e+02  -1.1522525e+03
   2.4021976e+01   2.1009520e+03   3.0137765e+02  -1.1593864e+03
   2.4124290e+01   2.1109442e+03   3.0555978e+02  -1.1611043e+03
   2.4226604e+01   2.1209279e+03   3.0977143e+02  -1.1628250e+03
   2.4328918e+01   2.1309030e+03   3.1401259e+02  -1.1645483e+03
   2.4431233e+01   2.1408695e+03   3.1828326e+02  -1.1662742e+03
   2.4533547e+01   2.1508272e+03   3.2258343e+02  -1.1680024e+03
   2.4635861e+01   2.1607761e+03   3.2691309e+02  -1.1697329e+03
   2.4738175e+01   2.1707160e+03   3.3127224e+02  -1.1714655e+03
   2.4840489e+01   2.1806470e+03   3.3566088e+02  -1.1732000e+03
   2.4880119e+01   2.1844912e+03   3.3736866e+02  -1.1738724e+03
   2.4919748e+01   2.1883340e+03   3.3908087e+02  -1.1745451e+03
   2.4959378e+01   2.1921754e+03   3.4079749e+02  -1.1752180e+03
   2.4999008e+01   2.1960154e+03   3.4251854e+02  -1.1758911e+03
   2.5038637e+01   2.1998541e+03   3.4424401e+02  -1.1765645e+03
   2.5078267e+01   2.2036914e+03   3.4597389e+02  -1.1772382e+03
   2.5117897e+01   2.2075273e+03   3.4770820e+02  -1.1779121e+03
   2.5157526e+01   2.2113618e+03   3.4944692e+02  -1.1785862e+03
   2.5342804e+01   2.2292703e+03   3.5763443e+02  -1.1817407e+03
   2.5528082e+01   2.2471478e+03   3.6591844e+02  -1.1848992e+03
   2.5713360e+01   2.2649938e+03   3.7429888e+02  -1.1880611e+03
   2.5898637e+01   2.2828077e+03   3.8277567e+02  -1.1912257e+03
   2.6106765e+01   2.3027798e+03   3.9241271e+02  -1.1947829e+03
   2.6314893e+01   2.3227103e+03   4.0217110e+02  -1.1983415e+03
   2.6523021e+01   2.3425984e+03   4.1205072e+02  -1.2019006e+03
   2.6731149e+01   2.3624435e+03   4.2205142e+02  -1.2054593e+03
   2.6938476e+01   2.3821687e+03   4.3213385e+02  -1.2090029e+03
   2.7145803e+01   2.4018499e+03   4.4233612e+02  -1.2125442e+03
   2.7353129e+01   2.4214864e+03   4.5265806e+02  -1.2160823e+03
   2.7560456e+01   2.4410776e+03   4.6309949e+02  -1.2196164e+03
   2.7767000e+01   2.4605490e+03   4.7362009e+02  -1.2231321e+03
   2.7973543e+01   2.4799741e+03   4.8425889e+02  -1.2266422e+03
   2.8180087e+01   2.4993522e+03   4.9501569e+02  -1.2301456e+03
   2.8386630e+01   2.5186826e+03   5.0589027e+02  -1.2336417e+03
   2.8592530e+01   2.5379048e+03   5.1684795e+02  -1.2371187e+03
   2.8798430e+01   2.5570784e+03   5.2792223e+02  -1.2405868e+03
   2.9004330e+01   2.5762026e+03   5.3911284e+02  -1.2440452e+03
   2.9210229e+01   2.5952770e+03   5.5041955e+02  -1.2474932e+03
   2.9415630e+01   2.6142548e+03   5.6181425e+02  -1.2509217e+03
   2.9621031e+01   2.6331817e+03   5.7332396e+02  -1.2543385e+03
   2.9826431e+01   2.6520569e+03   5.8494838e+02  -1.2577427e+03
   3.0031832e+01   2.6708800e+03   5.9668724e+02  -1.2611337e+03
   3.0236888e+01   2.6896188e+03   6.0852027e+02  -1.2645052e+03
   3.0441944e+01   2.7083044e+03   6.2046674e+02  -1.2678623e+03
   3.0647001e+01   2.7269360e+03   6.3252634e+02  -1.2712042e+03
   3.0852057e+01   2.7455131e+03   6.4469876e+02  -1.2745304e+03
   3.1056933e+01   2.7640188e+03   6.5697284e+02  -1.2778374e+03
   3.1261809e+01   2.7824688e+03   6.6935886e+02  -1.2811275e+03
   3.1466686e+01   2.8008625e+03   6.8185647e+02  -1.2844002e+03
   3.1671562e+01   2.8191992e+03   6.9446532e+02  -1.2876548e+03
   3.1876430e+01   2.8374777e+03   7.0718449e+02  -1.2908907e+03
   3.2081297e+01   2.8556980e+03   7.2001414e+02  -1.2941075e+03
   3.2286165e+01   2.8738595e+03   7.3295387e+02  -1.2973046e+03
   3.2491032e+01   2.8919616e+03   7.4600331e+02  -1.3004817e+03
   3.2696064e+01   2.9100181e+03   7.5917268e+02  -1.3036408e+03
   3.2901096e+01   2.9280136e+03   7.7245138e+02  -1.3067793e+03
   3.3106127e+01   2.9459477e+03   7.8583904e+02  -1.3098970e+03
   3.3311159e+01   2.9638195e+03   7.9933531e+02  -1.3129937e+03
   3.3516523e+01   2.9816572e+03   8.1296200e+02  -1.3160741e+03
   3.3721888e+01   2.9994311e+03   8.2669691e+02  -1.3191328e+03
   3.3927253e+01   3.0171405e+03   8.4053967e+02  -1.3221698e+03
   3.4132617e+01   3.0347847e+03   8.5448988e+02  -1.3251847e+03
   3.4338477e+01   3.0524054e+03   8.6858121e+02  -1.3281847e+03
   3.4544337e+01   3.0699592e+03   8.8277974e+02  -1.3311621e+03
   3.4750197e+01   3.0874454e+03   8.9708509e+02  -1.3341169e+03
   3.4956057e+01   3.1048634e+03   9.1149685e+02  -1.3370489e+03
   3.5114894e+01   3.1182556e+03   9.2268913e+02  -1.3392955e+03
   3.5273731e+01   3.1316065e+03   9.3394434e+02  -1.3415283e+03
   3.5432569e+01   3.1449157e+03   9.4526229e+02  -1.3437474e+03
   3.5591406e+01   3.1581829e+03   9.5664279e+02  -1.3459526e+03
   3.5750243e+01   3.1714078e+03   9.6808566e+02  -1.3481440e+03
   3.5909080e+01   3.1845901e+03   9.7959069e+02  -1.3503215e+03
   3.6067917e+01   3.1977295e+03   9.9115771e+02  -1.3524849e+03
   3.6226754e+01   3.2108256e+03   1.0027865e+03  -1.3546344e+03
   3.6585868e+01   3.2402735e+03   1.0293047e+03  -1.3594425e+03
   3.6944983e+01   3.2694952e+03   1.0561355e+03  -1.3641787e+03
   3.7304097e+01   3.2984869e+03   1.0832765e+03  -1.3688428e+03
   3.7663211e+01   3.3272451e+03   1.1107253e+03  -1.3734349e+03
   3.8022784e+01   3.3558025e+03   1.1385153e+03  -1.3779608e+03
   3.8382358e+01   3.3841185e+03   1.1666091e+03  -1.3824148e+03
   3.8741931e+01   3.4121896e+03   1.1950043e+03  -1.3867971e+03
   3.9101504e+01   3.4400121e+03   1.2236983e+03  -1.3911084e+03
   3.9462037e+01   3.4676557e+03   1.2527663e+03  -1.3953603e+03
   3.9822570e+01   3.4950421e+03   1.2821297e+03  -1.3995419e+03
   4.0183103e+01   3.5221678e+03   1.3117857e+03  -1.4036541e+03
   4.0543636e+01   3.5490291e+03   1.3417317e+03  -1.4076978e+03
   4.0905399e+01   3.5757128e+03   1.3720686e+03  -1.4116874e+03
   4.1267162e+01   3.6021230e+03   1.4026920e+03  -1.4156103e+03
   4.1628925e+01   3.6282561e+03   1.4335990e+03  -1.4194677e+03
   4.1990689e+01   3.6541085e+03   1.4647869e+03  -1.4232611e+03
   4.2353974e+01   3.6797835e+03   1.4963857e+03  -1.4270075e+03
   4.2717259e+01   3.7051698e+03   1.5282611e+03  -1.4306909e+03
   4.3080544e+01   3.7302716e+03   1.5604076e+03  -1.4343065e+03
   4.3443829e+01   3.7550826e+03   1.5928230e+03  -1.4378583e+03
   4.3808965e+01   3.7797198e+03   1.6256727e+03  -1.4413689e+03
   4.4174102e+01   3.8040492e+03   1.6587903e+03  -1.4448250e+03
   4.4539238e+01   3.8280647e+03   1.6921734e+03  -1.4482310e+03
   4.4904375e+01   3.8517606e+03   1.7258194e+03  -1.4515910e+03
   4.5271749e+01   3.8752743e+03   1.7599343e+03  -1.4549291e+03
   4.5639124e+01   3.8984551e+03   1.7943096e+03  -1.4582280e+03
   4.6006498e+01   3.9212991e+03   1.8289418e+03  -1.4614908e+03
   4.6373873e+01   3.9438032e+03   1.8638276e+03  -1.4647203e+03
   4.6743943e+01   3.9661259e+03   1.8992217e+03  -1.4679423e+03
   4.7114014e+01   3.9880988e+03   1.9348651e+03  -1.4711351e+03
   4.7484084e+01   4.0097206e+03   1.9707532e+03  -1.4743005e+03
   4.7854154e+01   4.0309904e+03   2.0068814e+03  -1.4774397e+03
   4.7897253e+01   4.0334445e+03   2.0111042e+03  -1.4778037e+03
   4.7940351e+01   4.0358939e+03   2.0153303e+03  -1.4781673e+03
   4.7983449e+01   4.0383385e+03   2.0195595e+03  -1.4785306e+03
   4.8026547e+01   4.0407784e+03   2.0237919e+03  -1.4788935e+03
   4.8069645e+01   4.0432134e+03   2.0280274e+03  -1.4792561e+03
   4.8112743e+01   4.0456437e+03   2.0322661e+03  -1.4796184e+03
   4.8155841e+01   4.0480692e+03   2.0365079e+03  -1.4799803e+03
   4.8198939e+01   4.0504899e+03   2.0407528e+03  -1.4803419e+03
   4.8414430e+01   4.0625220e+03   2.0620243e+03  -1.4821450e+03
   4.8629921e+01   4.0744350e+03   2.0833729e+03  -1.4839399e+03
   4.8845411e+01   4.0862291e+03   2.1047974e+03  -1.4857266e+03
   4.9060902e+01   4.0979046e+03   2.1262968e+03  -1.4875051e+03
   4.9141888e+01   4.1022619e+03   2.1343958e+03  -1.4881713e+03
   4.9222874e+01   4.1066025e+03   2.1425052e+03  -1.4888364e+03
   4.9303859e+01   4.1109266e+03   2.1506249e+03  -1.4895004e+03
   4.9384845e+01   4.1152339e+03   2.1587548e+03  -1.4901631e+03
   4.9465831e+01   4.1195247e+03   2.1668948e+03  -1.4908247e+03
   4.9546817e+01   4.1237990e+03   2.1750449e+03  -1.4914851e+03
   4.9627803e+01   4.1280567e+03   2.1832051e+03  -1.4921443e+03
   4.9708788e+01   4.1322979e+03   2.1913753e+03  -1.4928022e+03
   4.9757597e+01   4.1348461e+03   2.1963041e+03  -1.4931982e+03
   4.9806406e+01   4.1373883e+03   2.2012365e+03  -1.4935937e+03
   4.9855216e+01   4.1399245e+03   2.2061725e+03  -1.4939888e+03
   4.9904025e+01   4.1424548e+03   2.2111120e+03  -1.4943834e+03
   4.9952834e+01   4.1449791e+03   2.2160550e+03  -1.4947776e+03
   5.0001643e+01   4.1474975e+03   2.2210016e+03  -1.4951713e+03
   5.0050452e+01   4.1500099e+03   2.2259517e+03  -1.4955645e+03
   5.0099261e+01   4.1525165e+03   2.2309053e+03  -1.4959573e+03
   5.0144828e+01   4.1548512e+03   2.2355330e+03  -1.4963236e+03
   5.0190396e+01   4.1571808e+03   2.2401638e+03  -1.4966895e+03
   5.0235964e+01   4.1595052e+03   2.2447976e+03  -1.4970549e+03
   5.0281531e+01   4.1618245e+03   2.2494344e+03  -1.4974200e+03
   5.0509369e+01   4.1733444e+03   2.2726627e+03  -1.4992389e+03
   5.0737207e+01   4.1847371e+03   2.2959639e+03  -1.5010471e+03
   5.0965046e+01   4.1960039e+03   2.3193365e+03  -1.5028440e+03
   5.1192884e+01   4.2071459e+03   2.3427787e+03  -1.5046291e+03
   5.1441932e+01   4.2191841e+03   2.3684810e+03  -1.5065663e+03
   5.1690981e+01   4.2310765e+03   2.3942622e+03  -1.5084880e+03
   5.1940030e+01   4.2428252e+03   2.4201201e+03  -1.5103934e+03
   5.2189079e+01   4.2544322e+03   2.4460521e+03  -1.5122815e+03
   5.2433836e+01   4.2657034e+03   2.4716074e+03  -1.5141191e+03
   5.2678594e+01   4.2768413e+03   2.4972297e+03  -1.5159392e+03
   5.2923351e+01   4.2878487e+03   2.5229161e+03  -1.5177445e+03
   5.3168108e+01   4.2987343e+03   2.5486628e+03  -1.5195339e+03
   5.3408496e+01   4.3093156e+03   2.5740050e+03  -1.5212745e+03
   5.3648884e+01   4.3197963e+03   2.5993983e+03  -1.5229972e+03
   5.3889272e+01   4.3301842e+03   2.6248394e+03  -1.5247004e+03
   5.4129660e+01   4.3404870e+03   2.6503250e+03  -1.5263831e+03
   5.4366385e+01   4.3505567e+03   2.6754628e+03  -1.5280189e+03
   5.4603110e+01   4.3605578e+03   2.7006379e+03  -1.5296323e+03
   5.4839835e+01   4.3704968e+03   2.7258477e+03  -1.5312224e+03
   5.5076560e+01   4.3803799e+03   2.7510893e+03  -1.5327879e+03
   5.5310389e+01   4.3900932e+03   2.7760510e+03  -1.5343093e+03
   5.5544218e+01   4.3997633e+03   2.8010389e+03  -1.5358049e+03
   5.5778046e+01   4.4093957e+03   2.8260509e+03  -1.5372737e+03
   5.6011875e+01   4.4189953e+03   2.8510848e+03  -1.5387149e+03
   5.6243600e+01   4.4284810e+03   2.8759129e+03  -1.5401149e+03
   5.6475325e+01   4.4379437e+03   2.9007587e+03  -1.5414861e+03
   5.6707050e+01   4.4473877e+03   2.9256202e+03  -1.5428277e+03
   5.6938775e+01   4.4568168e+03   2.9504957e+03  -1.5441390e+03
   5.7169297e+01   4.4661861e+03   2.9752546e+03  -1.5454127e+03
   5.7399820e+01   4.4755479e+03   3.0000242e+03  -1.5466550e+03
   5.7630343e+01   4.4849054e+03   3.0248033e+03  -1.5478653e+03
   5.7860866e+01   4.4942617e+03   3.0495904e+03  -1.5490429e+03
   5.8091305e+01   4.5036160e+03   3.0743753e+03  -1.5501868e+03
   5.8321743e+01   4.5129743e+03   3.0991659e+03  -1.5512971e+03
   5.8552181e+01   4.5223390e+03   3.1239613e+03  -1.5523731e+03
   5.8782619e+01   4.5317120e+03   3.1487604e+03  -1.5534143e+03
   5.9014393e+01   4.5411496e+03   3.1737062e+03  -1.5544261e+03
   5.9246166e+01   4.5505992e+03   3.1986542e+03  -1.5554019e+03
   5.9477939e+01   4.5600621e+03   3.2236038e+03  -1.5563413e+03
   5.9709712e+01   4.5695396e+03   3.2485544e+03  -1.5572439e+03
   5.9751911e+01   4.5712668e+03   3.2530973e+03  -1.5574043e+03
   5.9794110e+01   4.5729945e+03   3.2576401e+03  -1.5575634e+03
   5.9836310e+01   4.5747228e+03   3.2621830e+03  -1.5577213e+03
   5.9878509e+01   4.5764515e+03   3.2667259e+03  -1.5578779e+03
   5.9920708e+01   4.5781809e+03   3.2712688e+03  -1.5580334e+03
   5.9962907e+01   4.5799107e+03   3.2758117e+03  -1.5581875e+03
   6.0005106e+01   4.5816411e+03   3.2803546e+03  -1.5583405e+03
   6.0047306e+01   4.5833720e+03   3.2848976e+03  -1.5584922e+03
   6.0089920e+01   4.5851205e+03   3.2894851e+03  -1.5586441e+03
   6.0132534e+01   4.5868695e+03   3.2940727e+03  -1.5587947e+03
   6.0175148e+01   4.5886192e+03   3.2986603e+03  -1.5589441e+03
   6.0217762e+01   4.5903693e+03   3.3032478e+03  -1.5590922e+03
   6.0430832e+01   4.5991287e+03   3.3261856e+03  -1.5598136e+03
   6.0643902e+01   4.6079022e+03   3.3491231e+03  -1.5605029e+03
   6.0856973e+01   4.6166900e+03   3.3720603e+03  -1.5611600e+03
   6.1070043e+01   4.6254918e+03   3.3949971e+03  -1.5617848e+03
   6.1393662e+01   4.6388862e+03   3.4298342e+03  -1.5626716e+03
   6.1717281e+01   4.6523101e+03   3.4646713e+03  -1.5634832e+03
   6.2040900e+01   4.6657605e+03   3.4995094e+03  -1.5642195e+03
   6.2364519e+01   4.6792337e+03   3.5343499e+03  -1.5648805e+03
   6.2684295e+01   4.6925656e+03   3.5687801e+03  -1.5654596e+03
   6.3004071e+01   4.7059181e+03   3.6032118e+03  -1.5659675e+03
   6.3323846e+01   4.7192904e+03   3.6376448e+03  -1.5664094e+03
   6.3643622e+01   4.7326808e+03   3.6720797e+03  -1.5667903e+03
   6.3960333e+01   4.7459593e+03   3.7061866e+03  -1.5671123e+03
   6.4277043e+01   4.7592527e+03   3.7402958e+03  -1.5673841e+03
   6.4593754e+01   4.7725595e+03   3.7744077e+03  -1.5676099e+03
   6.4910465e+01   4.7858785e+03   3.8085225e+03  -1.5677940e+03
   6.5224935e+01   4.7991142e+03   3.8423991e+03  -1.5679396e+03
   6.5539405e+01   4.8123595e+03   3.8762789e+03  -1.5680516e+03
   6.5853875e+01   4.8256134e+03   3.9101623e+03  -1.5681338e+03
   6.6168345e+01   4.8388749e+03   3.9440494e+03  -1.5681893e+03
   6.6313950e+01   4.8450175e+03   3.9597410e+03  -1.5682069e+03
   6.6459556e+01   4.8511615e+03   3.9754335e+03  -1.5682198e+03
   6.6605161e+01   4.8573067e+03   3.9911268e+03  -1.5682283e+03
   6.6750766e+01   4.8634531e+03   4.0068209e+03  -1.5682326e+03
   6.6803650e+01   4.8656858e+03   4.0125213e+03  -1.5682331e+03
   6.6856534e+01   4.8679186e+03   4.0182217e+03  -1.5682332e+03
   6.6909418e+01   4.8701515e+03   4.0239223e+03  -1.5682328e+03
   6.6962302e+01   4.8723846e+03   4.0296230e+03  -1.5682319e+03
   6.7015186e+01   4.8746178e+03   4.0353238e+03  -1.5682306e+03
   6.7068070e+01   4.8768511e+03   4.0410247e+03  -1.5682288e+03
   6.7120954e+01   4.8790845e+03   4.0467257e+03  -1.5682266e+03
   6.7173838e+01   4.8813181e+03   4.0524269e+03  -1.5682239e+03
   6.7220568e+01   4.8832919e+03   4.0574647e+03  -1.5682212e+03
   6.7267298e+01   4.8852658e+03   4.0625027e+03  -1.5682182e+03
   6.7314029e+01   4.8872397e+03   4.0675408e+03  -1.5682149e+03
   6.7360759e+01   4.8892137e+03   4.0725789e+03  -1.5682112e+03
   6.7594411e+01   4.8990851e+03   4.0977710e+03  -1.5681889e+03
   6.7828063e+01   4.9089583e+03   4.1229655e+03  -1.5681601e+03
   6.8061715e+01   4.9188331e+03   4.1481623e+03  -1.5681257e+03
   6.8295367e+01   4.9287093e+03   4.1733615e+03  -1.5680865e+03
   6.8597129e+01   4.9414662e+03   4.2059098e+03  -1.5680301e+03
   6.8898891e+01   4.9542248e+03   4.2384620e+03  -1.5679684e+03
   6.9200653e+01   4.9669847e+03   4.2710181e+03  -1.5679026e+03
   6.9502416e+01   4.9797457e+03   4.3035780e+03  -1.5678340e+03
   6.9628343e+01   4.9850712e+03   4.3171666e+03  -1.5678047e+03
   6.9754269e+01   4.9903969e+03   4.3307558e+03  -1.5677751e+03
   6.9880196e+01   4.9957227e+03   4.3443456e+03  -1.5677454e+03
   7.0006123e+01   5.0010486e+03   4.3579361e+03  -1.5677154e+03
   7.0132050e+01   5.0063747e+03   4.3715272e+03  -1.5676853e+03
   7.0257977e+01   5.0117009e+03   4.3851189e+03  -1.5676552e+03
   7.0383904e+01   5.0170273e+03   4.3987113e+03  -1.5676249e+03
   7.0509831e+01   5.0223537e+03   4.4123042e+03  -1.5675947e+03
   7.1139465e+01   5.0489881e+03   4.4802776e+03  -1.5674438e+03
   7.1769099e+01   5.0756267e+03   4.5482643e+03  -1.5672941e+03
   7.2398734e+01   5.1022716e+03   4.6162627e+03  -1.5671436e+03
   7.3028368e+01   5.1289223e+03   4.6842679e+03  -1.5669902e+03
   7.3278368e+01   5.1395044e+03   4.7112704e+03  -1.5669293e+03
   7.3528368e+01   5.1500869e+03   4.7382737e+03  -1.5668683e+03
   7.3778368e+01   5.1606698e+03   4.7652782e+03  -1.5668074e+03
   7.4028368e+01   5.1712532e+03   4.7922840e+03  -1.5667464e+03
   7.4135847e+01   5.1758034e+03   4.8038947e+03  -1.5667202e+03
   7.4243325e+01   5.1803537e+03   4.8155057e+03  -1.5666940e+03
   7.4350804e+01   5.1849041e+03   4.8271170e+03  -1.5666678e+03
   7.4458283e+01   5.1894546e+03   4.8387287e+03  -1.5666416e+03
   7.4565762e+01   5.1940053e+03   4.8503407e+03  -1.5666154e+03
   7.4673241e+01   5.1985561e+03   4.8619530e+03  -1.5665892e+03
   7.4780720e+01   5.2031071e+03   4.8735658e+03  -1.5665630e+03
   7.4888198e+01   5.2076582e+03   4.8851789e+03  -1.5665368e+03
   7.4936655e+01   5.2097101e+03   4.8904147e+03  -1.5665249e+03
   7.4985111e+01   5.2117620e+03   4.8956506e+03  -1.5665131e+03
   7.5033567e+01   5.2138140e+03   4.9008866e+03  -1.5665013e+03
   7.5082023e+01   5.2158659e+03   4.9061226e+03  -1.5664895e+03
   7.5130479e+01   5.2179180e+03   4.9113588e+03  -1.5664777e+03
   7.5178936e+01   5.2199700e+03   4.9165950e+03  -1.5664658e+03
   7.5227392e+01   5.2220221e+03   4.9218313e+03  -1.5664540e+03
   7.5275848e+01   5.2240742e+03   4.9270677e+03  -1.5664422e+03
   7.5518129e+01   5.2343352e+03   4.9532509e+03  -1.5663831e+03
   7.5760410e+01   5.2445971e+03   4.9794362e+03  -1.5663240e+03
   7.6002691e+01   5.2548598e+03   5.0056235e+03  -1.5662649e+03
   7.6244972e+01   5.2651232e+03   5.0318129e+03  -1.5662058e+03
   7.7456377e+01   5.3164512e+03   5.1627870e+03  -1.5659102e+03
   7.8667782e+01   5.3677907e+03   5.2937902e+03  -1.5656145e+03
   7.9879186e+01   5.4191271e+03   5.4247858e+03  -1.5653188e+03
   8.1090591e+01   5.4704391e+03   5.5557192e+03  -1.5650233e+03
   8.3590591e+01   5.5761195e+03   5.8253845e+03  -1.5644146e+03
   8.6090591e+01   5.6811707e+03   6.0934445e+03  -1.5638096e+03
   8.8590591e+01   5.7852296e+03   6.3589726e+03  -1.5632102e+03
   9.1090591e+01   5.8880157e+03   6.6212527e+03  -1.5626182e+03
   9.3317943e+01   5.9783514e+03   6.8517631e+03  -1.5620979e+03
   9.5545296e+01   6.0674178e+03   7.0790344e+03  -1.5615850e+03
   9.7772648e+01   6.1551671e+03   7.3029452e+03  -1.5610796e+03
   1.0000000e+02   6.2415994e+03   7.5234952e+03  -1.5605818e+03
